Kp=[60;50;40;40]*25;
Kv=8*[8 8 7 7]';
Ki=0*[3 2 1 0]';