l1=0.5; l2=0.5; l3=.1; l4=0.1;
m1=1; m2=.8; m3=.5; m4=2; 
I1=0.25/12; I2=.2/12; I3=0.5/12; I4=0.02/12;
g=9.81;
c1=1; c2=.8;c3=.7;c4=1.5;

Ixx1=I1;Iyy1=I1;Izz1=I1;
Ixx2=I2;Iyy2=I2;Izz2=I2;
Ixx3=I3;Iyy3=I3;Izz3=I3;
Ixx4=I4;Iyy4=I4;Izz4=I4;
tauin=[0 0 0 0]';
Ts=.005;

statesint=[0 0 0 0]';